25.594365 6.811854 21.360706 3.711594 25.544710 9.362431 15.393804 7.388296 25.396109 17.127250 -0.114009 24.415527 36.479263 10.550472 19.846203 15.344603 14.769184 13.791020 22.002829 8.012694 51.374357 20.248937 12.399158 13.712713 13.665102 21.510754 16.234860
6.811854 21.360706 3.711594 25.544710 9.362431 15.393804 7.388296 25.396109 17.127250 -0.114009 24.415527 36.479263 10.550472 19.846203 15.344603 14.769184 13.791020 22.002829 8.012694 51.374357 20.248937 12.399158 13.712713 13.665102 21.510754 16.234860 27.324775
21.360706 3.711594 25.544710 9.362431 15.393804 7.388296 25.396109 17.127250 -0.114009 24.415527 36.479263 10.550472 19.846203 15.344603 14.769184 13.791020 22.002829 8.012694 51.374357 20.248937 12.399158 13.712713 13.665102 21.510754 16.234860 27.324775 36.744713
3.711594 25.544710 9.362431 15.393804 7.388296 25.396109 17.127250 -0.114009 24.415527 36.479263 10.550472 19.846203 15.344603 14.769184 13.791020 22.002829 8.012694 51.374357 20.248937 12.399158 13.712713 13.665102 21.510754 16.234860 27.324775 36.744713 46.288899
25.544710 9.362431 15.393804 7.388296 25.396109 17.127250 -0.114009 24.415527 36.479263 10.550472 19.846203 15.344603 14.769184 13.791020 22.002829 8.012694 51.374357 20.248937 12.399158 13.712713 13.665102 21.510754 16.234860 27.324775 36.744713 46.288899 38.243420
9.362431 15.393804 7.388296 25.396109 17.127250 -0.114009 24.415527 36.479263 10.550472 19.846203 15.344603 14.769184 13.791020 22.002829 8.012694 51.374357 20.248937 12.399158 13.712713 13.665102 21.510754 16.234860 27.324775 36.744713 46.288899 38.243420 17.653540
15.393804 7.388296 25.396109 17.127250 -0.114009 24.415527 36.479263 10.550472 19.846203 15.344603 14.769184 13.791020 22.002829 8.012694 51.374357 20.248937 12.399158 13.712713 13.665102 21.510754 16.234860 27.324775 36.744713 46.288899 38.243420 17.653540 27.886065
7.388296 25.396109 17.127250 -0.114009 24.415527 36.479263 10.550472 19.846203 15.344603 14.769184 13.791020 22.002829 8.012694 51.374357 20.248937 12.399158 13.712713 13.665102 21.510754 16.234860 27.324775 36.744713 46.288899 38.243420 17.653540 27.886065 18.102826
25.396109 17.127250 -0.114009 24.415527 36.479263 10.550472 19.846203 15.344603 14.769184 13.791020 22.002829 8.012694 51.374357 20.248937 12.399158 13.712713 13.665102 21.510754 16.234860 27.324775 36.744713 46.288899 38.243420 17.653540 27.886065 18.102826 3.981914
17.127250 -0.114009 24.415527 36.479263 10.550472 19.846203 15.344603 14.769184 13.791020 22.002829 8.012694 51.374357 20.248937 12.399158 13.712713 13.665102 21.510754 16.234860 27.324775 36.744713 46.288899 38.243420 17.653540 27.886065 18.102826 3.981914 14.343749
-0.114009 24.415527 36.479263 10.550472 19.846203 15.344603 14.769184 13.791020 22.002829 8.012694 51.374357 20.248937 12.399158 13.712713 13.665102 21.510754 16.234860 27.324775 36.744713 46.288899 38.243420 17.653540 27.886065 18.102826 3.981914 14.343749 1.401834
24.415527 36.479263 10.550472 19.846203 15.344603 14.769184 13.791020 22.002829 8.012694 51.374357 20.248937 12.399158 13.712713 13.665102 21.510754 16.234860 27.324775 36.744713 46.288899 38.243420 17.653540 27.886065 18.102826 3.981914 14.343749 1.401834 -3.265973
36.479263 10.550472 19.846203 15.344603 14.769184 13.791020 22.002829 8.012694 51.374357 20.248937 12.399158 13.712713 13.665102 21.510754 16.234860 27.324775 36.744713 46.288899 38.243420 17.653540 27.886065 18.102826 3.981914 14.343749 1.401834 -3.265973 -10.587421
10.550472 19.846203 15.344603 14.769184 13.791020 22.002829 8.012694 51.374357 20.248937 12.399158 13.712713 13.665102 21.510754 16.234860 27.324775 36.744713 46.288899 38.243420 17.653540 27.886065 18.102826 3.981914 14.343749 1.401834 -3.265973 -10.587421 9.132332
