15.000000 14.771814 13.653791 14.326778 13.404937 14.527127 13.757977 13.990065 13.559127 14.533457 14.200606 13.152570 14.410526 15.296125 13.932399 14.266442 14.055096 13.988972 13.920603 14.383564 13.642630 16.039408 14.603124 13.937790 13.912917 13.903902 14.354202
14.771814 13.653791 14.326778 13.404937 14.527127 13.757977 13.990065 13.559127 14.533457 14.200606 13.152570 14.410526 15.296125 13.932399 14.266442 14.055096 13.988972 13.920603 14.383564 13.642630 16.039408 14.603124 13.937790 13.912917 13.903902 14.354202 14.115624
13.653791 14.326778 13.404937 14.527127 13.757977 13.990065 13.559127 14.533457 14.200606 13.152570 14.410526 15.296125 13.932399 14.266442 14.055096 13.988972 13.920603 14.383564 13.642630 16.039408 14.603124 13.937790 13.912917 13.903902 14.354202 14.115624 14.721106
14.326778 13.404937 14.527127 13.757977 13.990065 13.559127 14.533457 14.200606 13.152570 14.410526 15.296125 13.932399 14.266442 14.055096 13.988972 13.920603 14.383564 13.642630 16.039408 14.603124 13.937790 13.912917 13.903902 14.354202 14.115624 14.721106 15.358690
13.404937 14.527127 13.757977 13.990065 13.559127 14.533457 14.200606 13.152570 14.410526 15.296125 13.932399 14.266442 14.055096 13.988972 13.920603 14.383564 13.642630 16.039408 14.603124 13.937790 13.912917 13.903902 14.354202 14.115624 14.721106 15.358690 16.012219
14.527127 13.757977 13.990065 13.559127 14.533457 14.200606 13.152570 14.410526 15.296125 13.932399 14.266442 14.055096 13.988972 13.920603 14.383564 13.642630 16.039408 14.603124 13.937790 13.912917 13.903902 14.354202 14.115624 14.721106 15.358690 16.012219 15.653732
13.757977 13.990065 13.559127 14.533457 14.200606 13.152570 14.410526 15.296125 13.932399 14.266442 14.055096 13.988972 13.920603 14.383564 13.642630 16.039408 14.603124 13.937790 13.912917 13.903902 14.354202 14.115624 14.721106 15.358690 16.012219 15.653732 14.416718
13.990065 13.559127 14.533457 14.200606 13.152570 14.410526 15.296125 13.932399 14.266442 14.055096 13.988972 13.920603 14.383564 13.642630 16.039408 14.603124 13.937790 13.912917 13.903902 14.354202 14.115624 14.721106 15.358690 16.012219 15.653732 14.416718 14.826340
13.559127 14.533457 14.200606 13.152570 14.410526 15.296125 13.932399 14.266442 14.055096 13.988972 13.920603 14.383564 13.642630 16.039408 14.603124 13.937790 13.912917 13.903902 14.354202 14.115624 14.721106 15.358690 16.012219 15.653732 14.416718 14.826340 14.323421
14.533457 14.200606 13.152570 14.410526 15.296125 13.932399 14.266442 14.055096 13.988972 13.920603 14.383564 13.642630 16.039408 14.603124 13.937790 13.912917 13.903902 14.354202 14.115624 14.721106 15.358690 16.012219 15.653732 14.416718 14.826340 14.323421 13.431023
14.200606 13.152570 14.410526 15.296125 13.932399 14.266442 14.055096 13.988972 13.920603 14.383564 13.642630 16.039408 14.603124 13.937790 13.912917 13.903902 14.354202 14.115624 14.721106 15.358690 16.012219 15.653732 14.416718 14.826340 14.323421 13.431023 13.892855
13.152570 14.410526 15.296125 13.932399 14.266442 14.055096 13.988972 13.920603 14.383564 13.642630 16.039408 14.603124 13.937790 13.912917 13.903902 14.354202 14.115624 14.721106 15.358690 16.012219 15.653732 14.416718 14.826340 14.323421 13.431023 13.892855 13.208863
14.410526 15.296125 13.932399 14.266442 14.055096 13.988972 13.920603 14.383564 13.642630 16.039408 14.603124 13.937790 13.912917 13.903902 14.354202 14.115624 14.721106 15.358690 16.012219 15.653732 14.416718 14.826340 14.323421 13.431023 13.892855 13.208863 12.829978
15.296125 13.932399 14.266442 14.055096 13.988972 13.920603 14.383564 13.642630 16.039408 14.603124 13.937790 13.912917 13.903902 14.354202 14.115624 14.721106 15.358690 16.012219 15.653732 14.416718 14.826340 14.323421 13.431023 13.892855 13.208863 12.829978 12.340272
